32	2
norm_untrigged_-_max_300.0_500.0	0.153757	0	1	28
norm_untrigged_-_min_0.0_25.0	0.595557	0	2	16
norm_ss_-_min_75.0_100.0	0.133996	1	3	13
rel_ss_s_minmax_500.0_700.0	0.486236	2	4	5
width_s_70_max_-1.0_-1.0	-0.000030	3	-2	-3
norm_untrigged_-_minmax_850.0_950.0	0.000872	3	-3	6
rel_ss_s_max_212.5_237.5	0.939819	5	-3	7
abs_untrigged_-_max_0.0_100.0	446.442088	6	8	-2
abs_untrigged_-_min_-1.0_-1.0	58.367127	7	9	-3
norm_ss_-_min_650.0_750.0	0.062339	8	10	-3
norm_s_-_all_400.0_800.0	0.006203	9	11	-2
norm_s_-_all_100.0_150.0	0.086114	10	-2	12
width_s_30_max_37.5_62.5	0.046495	11	-2	-3
abs_untrigged_-_minmax_400.0_800.0	5.737376	2	-3	14
rel_ss_s_max_-1.0_-1.0	1.199433	13	15	-3
width_s_40_max_112.5_137.5	0.025025	14	-3	-2
norm_untrigged_-_min_25.0_50.0	0.255795	1	17	22
width_s_70_max_350.0_400.0	0.011505	16	-3	18
rel_ss_s_all_375.0_425.0	0.979518	17	19	21
width_s_50_max_50.0_75.0	0.021570	18	-3	20
norm_ss_-_max_650.0_750.0	0.000650	19	-3	-2
rel_ss_s_min_25.0_50.0	0.149843	18	-3	-1
width_s_50_max_125.0_150.0	0.051515	16	23	-2
abs_ss_-_all_0.0_25.0	143.085687	22	24	27
width_s_30_max_850.0_950.0	0.222590	23	-3	25
norm_ss_-_all_450.0_500.0	0.009608	24	26	-3
abs_ss_-_all_0.0_25.0	35.193731	25	-3	-2
abs_ss_-_min_-1.0_-1.0	79.589890	23	-3	-2
abs_untrigged_-_min_125.0_150.0	0.171749	0	29	30
abs_s_-_all_0.0_25.0	8.177525	28	-2	-3
abs_ss_-_max_87.5_112.5	62.598570	28	31	-2
norm_untrigged_-_min_400.0_600.0	0.085961	30	-3	-2
