18	2
norm_untrigged_-_max_300.0_500.0	0.153757	0	1	17
norm_untrigged_-_min_0.0_25.0	0.595557	0	2	15
norm_s2s1_-_min_100.0_200.0	0.156643	1	3	12
rel_s2s1_s1_minmax_400.0_600.0	0.501571	2	4	5
abs_s1s2_-_all_0.0_20.0	58.651799	3	-3	-2
abs_s1s2_-_all_750.0_850.0	0.585570	3	6	-2
corr_q3_-_all_237.5_262.5	-0.084483	5	-3	7
rel_s2s1_s2_min_50.0_75.0	0.198560	6	8	-3
norm_untrigged_-_min_25.0_50.0	0.526319	7	9	-1
width_s2_30_max_225.0_250.0	0.018005	8	10	-2
width_s1_70_max_62.5_87.5	0.016505	9	-3	11
abs_s2s1_-_minmax_-1.0_-1.0	285.292619	10	-2	-3
width_s2_60_max_600.0_800.0	0.158970	2	13	-3
rel_s1s2_s1_all_25.0_50.0	0.127907	12	-3	14
abs_s2s1_-_min_450.0_500.0	0.195235	13	-3	-2
norm_untrigged_-_min_25.0_50.0	0.274819	1	-3	16
width_s1_40_max_850.0_950.0	0.092560	15	-3	-2
abs_s2s1_-_all_-1.0_-1.0	133.512740	0	-3	-2
